% Dive 5 as of 11 Oct 2024 21:50:18
% SG195 Shileshole Shakedown 10Oct2024
volmax = 53410.7;
vbdbias = 225.661; % vbdbias w rms = 0.99 cm/s
volmax_biased = 53185;
abs_compress = 3.48072e-06;
hd_a = 0.00281838;
hd_b = 0.0073918;
hd_c = 5.7e-06;
hd_s = -0.25;
therm_expan = 7.05e-05;
temp_ref = 15;
