% Dive 3 as of 15 May 2024 19:52:07
% SG195 Shilshole Overnight OCN 201, 15May2024
volmax = 53235.7;
vbdbias = 160.608; % vbdbias w rms = 0.87 cm/s
volmax_biased = 53075.1;
abs_compress = 8.63627e-07;
hd_a = 0.00199526;
hd_b = 0.0191095;
hd_c = 5.7e-06;
hd_s = -0.25;
therm_expan = 7.05e-05;
temp_ref = 15;
