% Dive 5 as of 15 May 2024 21:00:24
% SG195 Shilshole Overnight OCN 201, 15May2024
volmax = 53235.7;
vbdbias = 99.1876; % vbdbias w rms = 0.88 cm/s
volmax_biased = 53136.5;
abs_compress = 1.26267e-06;
hd_a = 0.00199526;
hd_b = 0.0191095;
hd_c = 5.7e-06;
hd_s = -0.25;
therm_expan = 7.05e-05;
temp_ref = 15;
