% Dive 7 as of 15 May 2024 22:38:21
% SG195 Shilshole Overnight OCN 201, 15May2024
volmax = 53235.7;
vbdbias = 153.118; % vbdbias w rms = 0.51 cm/s
volmax_biased = 53082.6;
abs_compress = 2.9568e-06;
hd_a = 0.00199526;
hd_b = 0.0191095;
hd_c = 5.7e-06;
hd_s = -0.25;
therm_expan = 7.05e-05;
temp_ref = 15;
