% Dive 4 as of 11 Oct 2024 20:37:19
% SG195 Shileshole Shakedown 10Oct2024
volmax = 53410.7;
vbdbias = 298.465; % vbdbias w rms = 0.70 cm/s
volmax_biased = 53112.2;
abs_compress = 8.63627e-07;
hd_a = 0.00223872;
hd_b = 0.0139236;
hd_c = 5.7e-06;
hd_s = -0.25;
therm_expan = 7.05e-05;
temp_ref = 15;
