% Dive 2 as of 11 Oct 2024 20:37:18
% SG195 Shileshole Shakedown 10Oct2024
volmax = 53410.7;
vbdbias = 237.763; % vbdbias w rms = 0.53 cm/s
volmax_biased = 53172.9;
abs_compress = 8.13637e-06;
hd_a = 0.00223872;
hd_b = 0.0139236;
hd_c = 5.7e-06;
hd_s = -0.25;
therm_expan = 7.05e-05;
temp_ref = 15;
